4.719936573529405766e-01 8.599940277759619001e-01 1.077684906456852776e+00 1.039205246693431617e+00 8.508387901982675805e-01
5.655042183334596517e-01 9.750577131065745196e-01 1.216474142000107506e+00 1.173270534553119360e+00 9.655381162461754707e-01
3.784830963724213904e-01 7.449303424453495026e-01 9.388956709135973799e-01 9.051399588337436519e-01 7.361394641503596903e-01
7.675077646183395830e-01 1.283228699769936698e+00 1.593302478653217502e+00 1.536907353918153474e+00 1.272607019310542986e+00
9.298649507079311816e-01 1.501872272689691368e+00 1.829466703248203929e+00 1.770868265525760821e+00 1.489952053985623026e+00
6.051505785287480954e-01 1.064585126850181362e+00 1.357138254058231519e+00 1.302946442310546793e+00 1.055261984635462724e+00
9.156174989777621231e-01 1.489678361183291999e+00 1.801572114588622320e+00 1.748709736255107838e+00 1.476294596063606690e+00
1.123948741258047113e+00 1.748623609495580267e+00 2.086151191048597031e+00 2.031040514069455405e+00 1.733482865072629053e+00
7.072862566974772447e-01 1.230733112871004398e+00 1.516993038128647386e+00 1.466378958440760272e+00 1.219106327054584549e+00
9.296457447318414724e-01 1.489430927371733215e+00 1.815432047821672557e+00 1.760085658699452438e+00 1.478002615074975434e+00
1.583491671839637460e+00 2.178955549907505507e+00 2.483709015038742862e+00 2.427318442306756641e+00 2.167673125403186241e+00
2.775601728352094510e-01 8.000091381391107870e-01 1.147155080604601585e+00 1.092833692757973596e+00 7.884452303079308999e-01
