1.397848871641172927e-02 1.660676407020664214e-01 2.818797614638942073e-01 3.486799190334568532e-01 3.568328691123723861e-01 2.699778302871581603e-01 1.051094048859408242e-01
9.472676785765234142e-02 7.147926776874917731e-01 8.698472488169999295e-01 9.197506069645765558e-01 9.267647638069296256e-01 8.601474906426060940e-01 5.430902297848344551e-01
-7.380546832276200196e-04 -2.171299309676854705e-04 2.255566854286725209e-03 1.734723475976807094e-18 -6.329511573776985247e-04 2.243914845205753107e-03 -1.741261562774839991e-03
1.720007483742403906e-02 2.255320769304640649e-01 4.010607691593947033e-01 5.048651101819181530e-01 5.175252390056434004e-01 3.826570670163159660e-01 1.380334819920507050e-01
4.512004117794074509e-02 4.065582704137817305e-01 5.837327206913378586e-01 6.753996321925548330e-01 6.870255056435973229e-01 5.673305840443342296e-01 2.857956221320223089e-01
-1.071989150309268259e-02 4.450588344714640626e-02 2.183888176274517701e-01 3.343305881712815841e-01 3.480249723676895890e-01 1.979835499882977856e-01 -9.728658147920971749e-03
1.982578436932331406e-02 2.699157950040862453e-01 4.861380963782277465e-01 6.133999452072131930e-01 6.287956700930946718e-01 4.634581903094511235e-01 1.632935888861596074e-01
5.557818846560583226e-02 5.003898909289001828e-01 7.172699030003504284e-01 8.286204871899420787e-01 8.426948625572024953e-01 6.972730890783526148e-01 3.519196321475527856e-01
-1.592661972695918679e-02 3.944169907927240482e-02 2.550062897561049535e-01 3.981794032244842518e-01 4.148964776289867373e-01 2.296432915405494934e-01 -2.533245437523351865e-02
1.052273073624613968e-02 1.969415972342212218e-01 4.031106498693432516e-01 5.375713537345268023e-01 5.544698415930799928e-01 3.801183105044299015e-01 1.082207617577031072e-01
1.411310720865230073e-01 1.009672335930852372e+00 1.172744387223104479e+00 1.219346584147362744e+00 1.227803722582906376e+00 1.164729254015439697e+00 7.852976945985952195e-01
6.932860648139530652e-03 2.039593526262966500e-03 -2.118749604696919947e-02 0.000000000000000000e+00 5.971736017807395373e-03 -2.107804378406103601e-02 1.635640832720870741e-02
