6.759585047829588245e-01 2.935600137974822221e+00 5.223676298191261225e+00 6.326474842734522319e+00 5.931458211732985042e+00 4.447747573602647719e+00 2.288105831718416194e+00
1.336246500224985256e+00 3.729261574853736327e+00 5.987266527611407874e+00 7.104998051835421435e+00 6.711243114505252905e+00 5.208752100040049626e+00 3.043721048862889411e+00
1.156415416206722641e-01 2.146303069043203671e+00 4.460066624302128524e+00 5.548053908480400587e+00 5.151611879541792227e+00 3.687088814113991919e+00 1.533435440018290352e+00
1.026170905847220149e+00 3.887715182779388101e+00 6.392278986884650571e+00 7.542774164485091859e+00 7.131713991690705079e+00 5.581158916192739738e+00 3.121059142168546519e+00
1.208449959009882502e+00 4.269778181875515166e+00 6.822058776082101872e+00 7.978873104155095319e+00 7.567482326013947436e+00 5.994118919851364247e+00 3.464757317331898179e+00
8.438918526845577972e-01 3.505652183683259704e+00 5.962499197687200159e+00 7.106675224815088399e+00 6.695945657367464499e+00 5.168198912534115230e+00 2.777360967005194414e+00
1.300969992216928883e+00 4.387145868627467138e+00 6.891428689731583290e+00 8.047829998072549174e+00 7.630330567327004765e+00 6.116569044963584112e+00 3.611730381136661006e+00
1.547917161356510141e+00 4.811738001123860187e+00 7.329263328544062261e+00 8.494287524175637927e+00 8.073403374760715678e+00 6.557180695032298168e+00 4.006224339689909542e+00
1.054022823077347626e+00 3.962553736131074977e+00 6.453594050919102543e+00 7.601372471969463085e+00 7.187257759893293851e+00 5.675957394894869168e+00 3.217236422583412914e+00
1.124661277199754394e+00 4.082737792338534177e+00 6.464136871185647060e+00 7.637366160271667148e+00 7.219323069062657083e+00 5.707838585855607327e+00 3.337713802153974729e+00
1.917564160117240846e+00 4.844020836431003119e+00 7.177530810543660600e+00 8.321123669256424549e+00 7.916756067792163343e+00 6.411467840373483718e+00 4.098855666746990423e+00
5.543167685878594986e-01 3.331170829125409849e+00 5.750699643994064303e+00 6.953836338479001178e+00 6.521753314401967039e+00 5.004979087618589340e+00 2.578675335016212600e+00
