1.279906819910615168e+00 2.239398451228580278e+00 2.650667262353337605e+00 2.516110157287708482e+00 1.963711637738233318e+00
1.421618448116992450e+00 2.448193328627759957e+00 2.880156149243905617e+00 2.739351809386086689e+00 2.155248994946005858e+00
1.138195191704237885e+00 2.030603573829401487e+00 2.421178375462770482e+00 2.292868505189330275e+00 1.772174280530460999e+00
1.768983108816668537e+00 2.928960572684067287e+00 3.409366528744187885e+00 3.253746711200402597e+00 2.602077650254721153e+00
2.002140333101147807e+00 3.242350515845634717e+00 3.743401016161671091e+00 3.581848824334104009e+00 2.897467522054173017e+00
1.535825884532189267e+00 2.615570629522500301e+00 3.075332041326706012e+00 2.925644598066702073e+00 2.306687778455269733e+00
2.161858807470591337e+00 3.411243296845947182e+00 3.907351087132147072e+00 3.747627608381893793e+00 3.067310400878270116e+00
2.477694876169341587e+00 3.788021842186886534e+00 4.296786380323450061e+00 4.133560444053976823e+00 3.432548896254785209e+00
1.846022738771840865e+00 3.034464751505006941e+00 3.517915793940843638e+00 3.361694772709809431e+00 2.702071905501755023e+00
2.151853772881934912e+00 3.364533420380837025e+00 3.817747845321498801e+00 3.670821719249450776e+00 3.043656072994359363e+00
2.857939028791052660e+00 4.069791163374155474e+00 4.544985274704155032e+00 4.391886057749806227e+00 3.740485441094671515e+00
1.445768516972817164e+00 2.659275677387519465e+00 3.090510415938844790e+00 2.949757380749096658e+00 2.346826704894047211e+00
