2.727747600416584373e+00 6.900124642332599478e+00 1.135042457885646527e+01 1.392309867740661744e+01 1.299491971665645274e+01 9.750881541226801730e+00 7.552490400054438169e+00
3.510482751476824426e+00 7.679837601802040226e+00 1.208358042109630759e+01 1.462994606223535499e+01 1.368455935321117423e+01 1.052792982981921632e+01 8.328997607731791319e+00
1.945012449356343653e+00 6.120411682863157843e+00 1.061726873661662296e+01 1.321625129257787989e+01 1.230528008010173124e+01 8.973833252634385360e+00 6.775983192377086795e+00
3.740916800186631974e+00 8.267303099160368873e+00 1.270264448454753392e+01 1.521629304951721551e+01 1.428469039159870313e+01 1.112732371664093556e+01 8.925245202594716432e+00
4.108417005925149468e+00 8.730081045242551241e+00 1.317689634696695222e+01 1.568517492873672836e+01 1.475781794492887578e+01 1.159242163219853339e+01 9.388948174909094391e+00
3.373416594448115369e+00 7.804525153078185618e+00 1.222839262212811562e+01 1.474741117029770265e+01 1.381156283826852871e+01 1.066222580108333950e+01 8.461542230280336696e+00
4.247110613693973136e+00 8.808856292171769908e+00 1.322608923464144759e+01 1.569780027955784618e+01 1.476066312846539574e+01 1.164384312058903781e+01 9.461311597247181737e+00
4.655433825987770113e+00 9.282593805596530245e+00 1.369411154156891719e+01 1.615296524536539380e+01 1.522411446902913212e+01 1.210225146640327587e+01 9.927487919554762286e+00
3.838787401400175714e+00 8.335118778747007795e+00 1.275806692771397799e+01 1.524263531375029856e+01 1.429721178790165936e+01 1.118543477477479442e+01 8.995135274939599412e+00
3.628411686822456517e+00 8.022515764443278741e+00 1.231249172359324717e+01 1.476376689730300384e+01 1.383174161257018575e+01 1.080810906469199040e+01 8.633285500227824372e+00
4.443188591735759196e+00 8.748696181109854919e+00 1.300010994593467828e+01 1.541619602633953434e+01 1.446905623968665289e+01 1.151952024078796555e+01 9.347033460940298966e+00
2.813634781909153393e+00 7.296335347776706115e+00 1.162487350125181074e+01 1.411133776826647335e+01 1.319442698545371684e+01 1.009669788859601169e+01 7.919537539515352442e+00
