1.652540892112369098e-01 7.248534521264159425e-01 1.104970105214519771e+00 1.233938604772285119e+00 1.276861148059397877e+00 1.109092204650253155e+00 4.020165216674614905e-01
6.519493188701217523e-01 1.374853411445548401e+00 1.798505586205000117e+00 1.960440459423481219e+00 2.008421093239499022e+00 1.803184105550597716e+00 1.025209342445544625e+00
4.159112466644693772e-04 8.069282056185721197e-02 4.112939533987218788e-01 5.074367501210886866e-01 5.453637846702668046e-01 4.148407688146260597e-01 2.693438078783300452e-03
2.319784493933584046e-01 1.030787208204277938e+00 1.502228485117194312e+00 1.671335691500220877e+00 1.723428593625594418e+00 1.507655936283584852e+00 6.172205334908158481e-01
4.002071958157735754e-01 1.214221445230512009e+00 1.734963343006735936e+00 1.913660574572748851e+00 1.967507093980572774e+00 1.740866829395191218e+00 7.752367495773655470e-01
6.374970297094323390e-02 8.473529711780440898e-01 1.269493627227652910e+00 1.429010808427693124e+00 1.479350093270616284e+00 1.274445043171979375e+00 4.592043174042659270e-01
2.742984462066151430e-01 1.210923054892601769e+00 1.729617465770696416e+00 1.918176604066216040e+00 1.971915749001755147e+00 1.735790214417722854e+00 7.810368231233160152e-01
4.984390907687054062e-01 1.433739965166241692e+00 2.000051307223025265e+00 2.202271167328583523e+00 2.258736218303375676e+00 2.006808540078007130e+00 9.780173978765978049e-01
5.015780164452486589e-02 9.881061446189619568e-01 1.459183624318367789e+00 1.634082040803849001e+00 1.685095279700134840e+00 1.464771888757439022e+00 5.840562483700344476e-01
8.102641040856551485e-03 1.009772500086326241e+00 1.491033828002957806e+00 1.751626893114922368e+00 1.794121996268940533e+00 1.499447254942134045e+00 4.989060692264428165e-01
8.839008924676283740e-01 1.786989254899776780e+00 2.257771378105444260e+00 2.487934999848750994e+00 2.538221812472953864e+00 2.265072555331911541e+00 1.374206912303060468e+00
-1.539210968792445195e-03 2.235094980597524539e-01 7.245432441109268540e-01 1.015318786381093741e+00 1.049912309466495497e+00 7.341020391989981908e-01 -9.967918559247432309e-03
