3.151213547937700699e-01 4.240755846233603132e-01 4.537928274200464518e-01 5.072944032006385662e-01 4.351815905659380812e-01
4.136202275551820740e-01 5.261536642879131032e-01 5.577018126332328185e-01 6.148056031953672562e-01 5.379225661712467854e-01
2.166224820323580103e-01 3.219975049588074123e-01 3.498838422068598630e-01 3.997832032059100427e-01 3.324406149606291550e-01
4.757578585637549651e-01 6.570973825116678269e-01 7.013897469981645871e-01 7.760557089587089008e-01 6.739401050181709207e-01
6.350858194550418334e-01 8.165961177499452273e-01 8.635023834965602774e-01 9.446981212043382703e-01 8.343063227291829254e-01
3.164298976724681522e-01 4.975986472733904264e-01 5.392771104997691189e-01 6.074132967130796423e-01 5.135738873071590271e-01
5.820832154407253878e-01 8.234405875320189860e-01 8.775674908728996471e-01 9.626911275470018126e-01 8.443704242408879290e-01
7.819890403104613474e-01 1.025619283027133566e+00 1.083371088986339936e+00 1.176588907032984688e+00 1.047804996595940619e+00
3.821773905709894281e-01 6.212618920369041842e-01 6.717638927594592468e-01 7.487933480610186043e-01 6.409358518858350173e-01
5.196106739330620394e-01 7.903548935460033009e-01 8.488958388893583784e-01 9.403288873608079967e-01 8.130527719187042868e-01
1.341192078033728752e+00 1.517425181163306380e+00 1.572916034613366598e+00 1.658398767638574745e+00 1.538842439098059733e+00
-2.201471061700870091e-04 8.440157692572614057e-02 1.248756431653502696e-01 2.086438900646408467e-01 9.885994166966929897e-02
