5.427846643871041543e+00 8.724216000508555169e+00 1.221286193046454294e+01 1.377800844053102836e+01 1.410010143567969365e+01 1.181636471320563153e+01 9.933641475846620494e+00
6.204250881689888253e+00 9.479059004624023288e+00 1.296423020169707740e+01 1.449483610670224465e+01 1.481121052982319952e+01 1.256990767391076425e+01 1.066881425136588213e+01
4.651442406052196610e+00 7.969372996393087050e+00 1.146149365923201024e+01 1.306118077435981206e+01 1.338899234153618956e+01 1.106282175250050059e+01 9.198468700327358860e+00
6.670447422734236298e+00 1.005847115733814334e+01 1.351005224872512755e+01 1.503634777353257412e+01 1.534762287427694716e+01 1.310902484059656814e+01 1.124964417675326267e+01
7.117761454041453995e+00 1.052656789828299111e+01 1.399027549561961514e+01 1.552276866991439697e+01 1.583374649672493284e+01 1.358914642663176409e+01 1.173393180704394290e+01
6.223133391427019490e+00 9.590374416393297352e+00 1.302982900183064352e+01 1.454992687715075306e+01 1.486149925182896681e+01 1.262890325456137575e+01 1.076535654646258600e+01
7.112485094938737262e+00 1.049544417593329015e+01 1.393338622535171112e+01 1.545955776387298641e+01 1.578037805729342224e+01 1.355362381794238225e+01 1.167019211080671681e+01
7.568946199297376332e+00 1.095137067243922502e+01 1.440631090980800444e+01 1.594055669937044328e+01 1.626020726149665308e+01 1.402496243735924786e+01 1.214378082348916266e+01
6.656023990580099081e+00 1.003951767942735707e+01 1.346046154089541425e+01 1.497855882837552244e+01 1.530054885309018431e+01 1.308228519852550953e+01 1.119660339812426919e+01
6.554803850173803959e+00 9.795721427411139715e+00 1.315440418937321176e+01 1.463640773812896967e+01 1.493572346505704296e+01 1.276085603578378702e+01 1.096586793705915852e+01
7.316123313243635629e+00 1.050448543686888492e+01 1.383588959522127126e+01 1.532486694624179613e+01 1.562495933004020188e+01 1.345098504914009574e+01 1.168121921764899085e+01
5.793484387103975841e+00 9.086957417953394511e+00 1.247291878352515404e+01 1.394794853001614499e+01 1.424648760007388404e+01 1.207072702242748541e+01 1.025051665646932619e+01
