1.222274401188912840e+00 4.158824063581585406e+00 5.975154910373742467e+00 6.801769133979832738e+00 6.390685554990964690e+00 5.661131558232786354e+00 2.867252284942056750e+00
1.944107289904868141e+00 4.951588646222551127e+00 6.755105488940995606e+00 7.577167620151347371e+00 7.161117407046882377e+00 6.456886471123268301e+00 3.683398142438894851e+00
5.192572904414181068e-01 3.366863243166823061e+00 5.195235007297078766e+00 6.026363646904550286e+00 5.620227203343453937e+00 4.865460579755161774e+00 2.042756366267750145e+00
1.716503305839659266e+00 5.166403840380809243e+00 7.068539502871598934e+00 7.934986283106402638e+00 7.506529394365522911e+00 6.738150240363449228e+00 3.704702540019117585e+00
1.953584996264583706e+00 5.570682370700554387e+00 7.492890245619883594e+00 8.382749124783938299e+00 7.939741109843015288e+00 7.160607605946989196e+00 4.078472452128201198e+00
1.479421615414735491e+00 4.762125310061063210e+00 6.644188760123311610e+00 7.487223441428865200e+00 7.073317678888027871e+00 6.315692874779910149e+00 3.330932627910034416e+00
2.089330182559733462e+00 5.689497110827478110e+00 7.595670352017262594e+00 8.464204152961661620e+00 8.031995554486716316e+00 7.269803280486582864e+00 4.229532457970829107e+00
2.389181750506742752e+00 6.123649238065461908e+00 8.041222865865520930e+00 8.917796886436493153e+00 8.480162788497576543e+00 7.715314843722928195e+00 4.651787765628486504e+00
1.789478614612725504e+00 5.255344983589492536e+00 7.150117838169006035e+00 8.010611419486828311e+00 7.583828320475854312e+00 6.824291717250241973e+00 3.807277150313171710e+00
1.791416147448669838e+00 5.274075779561396615e+00 7.121701721061048929e+00 7.938402721769499237e+00 7.535487930810488955e+00 6.803913831541636092e+00 3.815811947310721486e+00
2.570508794940082886e+00 6.013189438707927437e+00 7.828308951676090643e+00 8.626156937462436503e+00 8.229866961282182203e+00 7.522912700935611596e+00 4.563452300885097124e+00
1.012323499957257011e+00 4.534962120414864017e+00 6.415094490446007214e+00 7.250648506076561972e+00 6.841108900338794818e+00 6.084914962147658812e+00 3.068171593736344960e+00
