1.804970409844631529e+00 2.615245245357199266e+00 2.929004144314929725e+00 2.930265909525082701e+00 2.449845480616215099e+00
1.989233708546070734e+00 2.839903725783404109e+00 3.170671155540404573e+00 3.172001040208880962e+00 2.665958930189244125e+00
1.620707111143192325e+00 2.390586764930993979e+00 2.687337133089454433e+00 2.688530778841284885e+00 2.233732031043186517e+00
2.421784751014103509e+00 3.376696308169912175e+00 3.743583098337352588e+00 3.745049419824914683e+00 3.182680697042433504e+00
2.715737971939661044e+00 3.709636105151926433e+00 4.098838742774658428e+00 4.100394057663315550e+00 3.506217987014109916e+00
2.127831530088545975e+00 3.043756511187897917e+00 3.388327453900046304e+00 3.389704781986513371e+00 2.859143407070757981e+00
2.749741108441642545e+00 3.751831789703048869e+00 4.127942910471618987e+00 4.129439509233627348e+00 3.551173484553876047e+00
3.080107055017318629e+00 4.126319174235612230e+00 4.524534780273627987e+00 4.526112468229554153e+00 3.914957993809229375e+00
2.419375161865966017e+00 3.377344405170485064e+00 3.731351040669609098e+00 3.732766550237700987e+00 3.187388975298521832e+00
2.473013852562003123e+00 3.419522831459638201e+00 3.809933914712153591e+00 3.811483560985672092e+00 3.220639198242402301e+00
3.253442825292325757e+00 4.196756971369051570e+00 4.556935290757897938e+00 4.558353889179010743e+00 4.006362949044687483e+00
1.691552093457265205e+00 2.642037811720371554e+00 3.062781802850516044e+00 3.064464073008807965e+00 2.435007943441126699e+00
