3.877813665879452087e-01 2.346379156959987000e+00 4.408141448034761822e+00 5.438482178532051847e+00 5.093183366034410575e+00 3.768686479721725213e+00 1.571118051527755632e+00
1.015241719528802378e+00 3.098784315563890779e+00 5.158005903497646649e+00 6.182597161527793261e+00 5.839306754486830009e+00 4.521200337978625861e+00 2.310785526768468046e+00
2.460920628693370055e-02 1.588447963129382856e+00 3.655957291127186259e+00 4.694491249050392057e+00 4.345848072371222059e+00 3.017412843655318255e+00 8.050134556769087402e-01
6.263532350567225793e-01 3.815069210757788820e+00 7.067109019785690727e+00 8.566301723307105931e+00 8.074071504930131482e+00 6.090816466347741986e+00 2.545952982460904845e+00
6.733862811007583771e-01 4.009802721474287956e+00 7.396360762024032809e+00 8.941966880342244295e+00 8.436066428684188878e+00 6.382985328310254225e+00 2.686166515250753228e+00
5.793201890126867815e-01 3.620335700041290572e+00 6.737857277547347756e+00 8.190636566271967567e+00 7.712076581176074974e+00 5.798647604385229748e+00 2.405739449671056907e+00
1.048784268311228507e+00 5.694087651622291801e+00 9.501127412816520845e+00 1.108845367938985227e+01 1.057423721283158358e+01 8.424056256857166858e+00 3.978680276962674789e+00
1.161958293417231669e+00 6.008874850349984698e+00 9.923148048077992556e+00 1.152482743012537014e+01 1.100739209778088679e+01 8.824106022292612650e+00 4.244698603868304332e+00
9.356102432052254558e-01 5.379300452894601570e+00 9.079106777555049135e+00 1.065207992865432729e+01 1.014108232788227681e+01 8.024006491421721066e+00 3.712661950057045246e+00
1.172793891450849779e+00 6.676711488480471246e+00 1.041396588808879109e+01 1.194325207150871115e+01 1.144575693845361819e+01 9.381066265398258608e+00 4.816550654558952260e+00
2.101830077430823174e+00 7.508232307234715464e+00 1.122466815044759514e+01 1.272182386071515481e+01 1.223516172953625691e+01 1.020535228419088192e+01 5.664327994943813671e+00
5.036248580282501885e-01 5.839757074585440577e+00 9.600982728489771745e+00 1.116480226063639947e+01 1.065516051503528416e+01 8.557999722231706130e+00 3.942778436437975653e+00
