1.081878043891383312e+00 5.637115909128326940e+00 1.216595391307546592e+01 1.577117587645004448e+01 1.445861503348009514e+01 9.811552852868546282e+00 4.119674708944971009e+00
1.816553222842700377e+00 6.401491701449605998e+00 1.288225977808311384e+01 1.646200848865041877e+01 1.516092839507012258e+01 1.052391430148766283e+01 4.888146554539183342e+00
3.472028649400663025e-01 4.872740116807046107e+00 1.144964804806781444e+01 1.508034326424966665e+01 1.375630167189006592e+01 9.099191404249426185e+00 3.351202863350758676e+00
1.908212905706269336e+00 9.699336763144492224e+00 1.775219010427912636e+01 2.146221551901714264e+01 2.013365274674152161e+01 1.511881657085078601e+01 7.317686979664324021e+00
2.033026218993823964e+00 1.013332960316008702e+01 1.828648392872330675e+01 2.203294343486670215e+01 2.068898505170508884e+01 1.566085884157229557e+01 7.678949051561223982e+00
1.783399592418715374e+00 9.265343923128900983e+00 1.721789627983493887e+01 2.089148760316759024e+01 1.957832044177795794e+01 1.457677430012927822e+01 6.956424907767425836e+00
3.135968403900474044e+00 1.230510206179258326e+01 2.012110663315071690e+01 2.366917451275049444e+01 2.240356370894945215e+01 1.758356903468405719e+01 9.842977157571247915e+00
3.390074345685289092e+00 1.279534818121631368e+01 2.062315798919885879e+01 2.418381850611986295e+01 2.291146377258512956e+01 1.809882924852238872e+01 1.029600251228389851e+01
2.881862462115659440e+00 1.181485594236885106e+01 1.961905527710257502e+01 2.315453051938112239e+01 2.189566364531378539e+01 1.706830882084573275e+01 9.389951802858597318e+00
3.423780224251333770e+00 1.280405007743488710e+01 2.043305704258961697e+01 2.382384260188304381e+01 2.261742242334578989e+01 1.792643370910460376e+01 1.045343687435116919e+01
4.319456708125489541e+00 1.360541055651868447e+01 2.117113332995544539e+01 2.455401681875991216e+01 2.334855528156463222e+01 1.868922196176377071e+01 1.127109343221460591e+01
2.528103740377178443e+00 1.200268959835108440e+01 1.969498075522377434e+01 2.309366838500616836e+01 2.188628956512693691e+01 1.716364545644543327e+01 9.635780316487728925e+00
