8.793208616115008036e-01 1.522506405138809527e+00 1.927863384925749379e+00 1.850738177513871374e+00 1.508011359970790499e+00
9.191117581466359265e-01 1.579425084279451275e+00 1.994349884876144285e+00 1.915533983740778545e+00 1.564561297790028505e+00
8.395299650763660138e-01 1.465587725998167778e+00 1.861376884975354695e+00 1.785942371286964647e+00 1.451461422151552716e+00
1.762382646096327221e+00 3.006688949148153878e+00 3.773384908174580499e+00 3.627361893539747584e+00 2.979169888792573495e+00
1.877757129990373697e+00 3.172359157043668887e+00 3.963823864177615341e+00 3.812549768592034649e+00 3.143908837306954140e+00
1.647008162202281190e+00 2.841018741252638424e+00 3.582945952171546100e+00 3.442174018487458298e+00 2.814430940278192406e+00
2.123316845080291948e+00 3.585577044617088482e+00 4.466626925583751628e+00 4.300222900411108995e+00 3.553686955671108816e+00
2.281565585681458508e+00 3.810972960391640019e+00 4.726988906081187380e+00 4.554095880638730165e+00 3.777699056345577677e+00
1.965068104479126054e+00 3.360181128842536058e+00 4.206264945086315876e+00 4.046349920183488713e+00 3.329674854996638622e+00
2.695313500714509480e+00 4.407400411457663481e+00 5.312517483761309833e+00 5.139084731175662668e+00 4.372817964773745736e+00
3.527976572011013445e+00 5.265160311740642030e+00 6.158390808220577384e+00 5.975016977725724487e+00 5.231857307488731124e+00
1.862650429418005071e+00 3.549640511174684931e+00 4.466644159302043171e+00 4.303152484625599072e+00 3.513778622058761236e+00
