5.656481329480711473e-02 3.757539121681934824e-01 6.508316494677049979e-01 8.138129021779565431e-01 8.342373503641858923e-01 6.221321943070888816e-01 2.414484464185113755e-01
4.226775262660150134e-01 9.349185491155093120e-01 1.280723377714689803e+00 1.472491665525601512e+00 1.499112045279388461e+00 1.251047086288487931e+00 7.730836119683003327e-01
-6.719695178735259804e-04 -2.149337542079927249e-03 4.239405570311775839e-02 1.467611499637001549e-01 1.628321842416112775e-01 2.935526480043332276e-02 1.441568365696711471e-03
9.888876952714298341e-02 6.789038531974800339e-01 1.142696125941235819e+00 1.425320494068950561e+00 1.461184408728427808e+00 1.093836084482608495e+00 4.356489272685583614e-01
1.392472991304849750e-01 7.356595218659356394e-01 1.221431962436765106e+00 1.518094016057234263e+00 1.555677311241264293e+00 1.170184842902454170e+00 4.787292219937300808e-01
5.853023992380104734e-02 6.221481845290242063e-01 1.063960289445706309e+00 1.332546972080667746e+00 1.366691506215591323e+00 1.017487326062762598e+00 3.925686325433865864e-01
1.274394266869069425e-01 8.293502081208056209e-01 1.386957333823293448e+00 1.734027459096767476e+00 1.777762875684816724e+00 1.326901975423816271e+00 5.458547019514826681e-01
1.853030910176953205e-01 8.993340470052392233e-01 1.490130681195653617e+00 1.860045315027626600e+00 1.906725043936669639e+00 1.426303368568476504e+00 5.991087817260735138e-01
6.957576235611850901e-02 7.593663692363721296e-01 1.283783986450933723e+00 1.608009603165908574e+00 1.648800707432963586e+00 1.227500582279156260e+00 4.926006221768919335e-01
-4.502051566232568441e-02 7.429197020305474686e-01 1.379598051191464725e+00 1.874588645006648679e+00 1.935781167895836319e+00 1.298528662557956403e+00 3.066086261032663352e-01
9.217683646794236907e-01 1.705454437029227943e+00 2.244994093723627238e+00 2.721424329923086471e+00 2.785177443586999146e+00 2.174798685793768893e+00 1.278795332536393659e+00
6.730099004357464930e-04 3.413005639688706724e-03 5.014827193954716211e-01 1.033440133687069107e+00 1.090820575091308697e+00 4.040937560323468181e-01 -1.443800286267551622e-03
