3.529676319499669201e+00 5.446052250584757282e+00 6.246088900713675507e+00 6.249392502580513487e+00 5.040430074362523882e+00
3.650035237508111319e+00 5.617994797457241063e+00 6.439202835524325153e+00 6.442579859373889661e+00 5.199322383583274032e+00
3.409317401491227972e+00 5.274109703712274388e+00 6.052974965903025861e+00 6.056205145787138200e+00 4.881537765141772844e+00
5.940818434148551042e+00 8.789420977150779635e+00 9.884656890245832273e+00 9.889070845101301188e+00 8.212023390667379630e+00
6.213221925195661299e+00 9.145729197545659162e+00 1.026088640623948400e+01 1.026535678447981503e+01 8.552956610981542696e+00
5.668414943101441672e+00 8.433112756755898332e+00 9.508427374252178765e+00 9.512784905722787343e+00 7.871090170353214788e+00
7.255563444407515661e+00 1.031781431634675705e+01 1.148124043522713222e+01 1.148596051879525604e+01 9.710616515414649541e+00
7.616022290941927508e+00 1.073802968361914090e+01 1.192072936851825027e+01 1.192549752454435463e+01 1.011611213420667887e+01
6.895104597873104701e+00 9.897598949074373209e+00 1.104175150193601596e+01 1.104642351304615921e+01 9.305120896622621984e+00
7.438088939839960112e+00 1.055830952678992318e+01 1.170020495036363073e+01 1.170457917728285935e+01 9.917486583645757747e+00
8.296031692997011930e+00 1.139945501883051548e+01 1.250439504491166076e+01 1.250862017526940129e+01 1.077307908273311909e+01
6.580146186682909182e+00 9.717164034749327328e+00 1.089601485581560247e+01 1.090053817929631563e+01 9.061894084558396401e+00
