5.698159304659582425e-01 8.126906930954593822e-01 8.704123319519101454e-01 9.615478355076648720e-01 8.349994813037139307e-01
6.045485523069616951e-01 8.559100415681180074e-01 9.156368788331946673e-01 1.010260949693054577e+00 8.789671686247274573e-01
5.350833086249546788e-01 7.694713446228009790e-01 8.251877850706257345e-01 9.128347213222749446e-01 7.910317939827002931e-01
1.064157904737514038e+00 1.502534028549966205e+00 1.604410265226554833e+00 1.767106986052698669e+00 1.541781871737548215e+00
1.150491558165788408e+00 1.609572850104643349e+00 1.716381932911732022e+00 1.887494378950332230e+00 1.650653207504133135e+00
9.778242513092393340e-01 1.395495206995288395e+00 1.492438597541377199e+00 1.646719593155064665e+00 1.432910535970963295e+00
1.427950647651035965e+00 2.008402305073667460e+00 2.139368846724770901e+00 2.344650398155190274e+00 2.059180597135559676e+00
1.564013406821654462e+00 2.177911225441229615e+00 2.314735223298676647e+00 2.529626486766857862e+00 2.230948479285519870e+00
1.291887888480417246e+00 1.838893384706105971e+00 1.964002470150864932e+00 2.159674309543522686e+00 1.887412714985599926e+00
1.242093665694187443e+00 1.975287205251628375e+00 2.162773418277813775e+00 2.473914432670368591e+00 2.046496416042833832e+00
2.223679178384126764e+00 2.933077197965803684e+00 3.096612955517781263e+00 3.370074338078527632e+00 2.995630261519677262e+00
2.495012892015582850e-01 1.016897866451304644e+00 1.226815460447510997e+00 1.577452933872597107e+00 1.095822441712217321e+00
