9.055460620239166758e+00 1.451681444191315684e+01 1.720339845106034815e+01 1.584099364389718367e+01 1.355074873657188128e+01
9.325042079478512491e+00 1.492065045103048604e+01 1.767061244766243533e+01 1.627243283115143768e+01 1.394151872810870607e+01
8.785879160999826354e+00 1.411297843279582587e+01 1.673618445445826808e+01 1.540955445664293322e+01 1.315997874503505827e+01
1.375666899006898092e+01 1.992466132559489367e+01 2.265955353249706050e+01 2.129217125985667991e+01 1.889027974172746127e+01
1.422013590878223255e+01 2.045197081534453076e+01 2.317375211990961148e+01 2.181360248258522816e+01 1.941680444406151196e+01
1.329320207135573106e+01 1.939735183584526368e+01 2.214535494508451663e+01 2.077074003712814232e+01 1.836375503939341769e+01
1.612041272484561105e+01 2.216330737062618184e+01 2.482192153189761541e+01 2.349698494477834032e+01 2.114804504909536220e+01
1.663293730447968244e+01 2.269833268418235406e+01 2.531777028116438544e+01 2.401526595574147649e+01 2.168566343364821591e+01
1.560788814521153434e+01 2.162828205707000251e+01 2.432607278263084183e+01 2.297870393381519705e+01 2.061042666454251560e+01
1.658650363680778739e+01 2.238390672640162649e+01 2.501076055989450708e+01 2.368757260206514559e+01 2.141891430074009151e+01
1.735256700456044143e+01 2.311502723356432298e+01 2.569757602760522275e+01 2.439425002292583144e+01 2.216716444949999243e+01
1.582044026905513157e+01 2.165278621923892644e+01 2.432394509218379497e+01 2.298089518120446684e+01 2.067066415198018703e+01
