1.494330877353386766e+00 2.276730703730845740e+00 2.564438443931972955e+00 2.653733280548131290e+00 2.286040353608961073e+00
1.562958124255440229e+00 2.366511864854078162e+00 2.661972216927622981e+00 2.753723183959852161e+00 2.376090591763746929e+00
1.425703630451332860e+00 2.186949542607613317e+00 2.466904670936322930e+00 2.553743377136410420e+00 2.195990115454175218e+00
2.570900188370543571e+00 3.831385789588671376e+00 4.276057760113853412e+00 4.412612841706244460e+00 3.846054680401238102e+00
2.738928274350739045e+00 4.045670353401045638e+00 4.498147517629712766e+00 4.635990455175277525e+00 4.060885083375451288e+00
2.402872102390348985e+00 3.617101225776296669e+00 4.053968002597993170e+00 4.189235228237210507e+00 3.631224277427023583e+00
3.190750597495278562e+00 4.675275222089721794e+00 5.186137581686871556e+00 5.339532318498948271e+00 4.692371161692933335e+00
3.422693773654559735e+00 4.959871000894699122e+00 5.478947187726124213e+00 5.634358461617724245e+00 4.977532288098358570e+00
2.958807421335997390e+00 4.390679443284744465e+00 4.893327975647618011e+00 5.044706175380174074e+00 4.407210035287508099e+00
3.053391334049492034e+00 4.645938716678960745e+00 5.245941011850968394e+00 5.413079670194557380e+00 4.666425262707273092e+00
3.990231640642840194e+00 5.554583720940659219e+00 6.116761954399213330e+00 6.275483814130785376e+00 5.574060239169106090e+00
2.116551027456144762e+00 3.737293712417261826e+00 4.375120069302724346e+00 4.550675526258329384e+00 3.758790286245440537e+00
