3.877156570898596111e-02 6.110591810434761184e-01 7.474181283091295702e-01 7.758779008662101129e-01 5.694579559948941272e-01
2.173946273159518272e-01 7.882770011262082432e-01 9.325380780484525678e-01 9.630515411797501146e-01 7.449217641195893247e-01
2.636060979508841884e-02 4.498265536297568756e-01 5.622981785698065726e-01 5.864145983399844386e-01 4.165051218857032111e-01
5.903589617788407296e-02 8.868796165011256782e-01 1.067689472462052258e+00 1.104377342389712968e+00 8.301793663308645321e-01
3.329227071492015244e-01 1.133812826741881663e+00 1.320388198294561111e+00 1.358893559822078823e+00 1.076340209622062005e+00
4.142631356418855632e-02 6.645934730603185736e-01 8.149907466295434055e-01 8.463307666642769789e-01 6.187274872530021952e-01
7.098773004799681374e-02 1.034593749509171046e+00 1.234270050620672965e+00 1.274163301193650399e+00 9.709967142740374424e-01
3.973222682953553297e-01 1.301717102129721804e+00 1.502293105526006700e+00 1.543137737434033152e+00 1.239067353065316235e+00
5.177476058208155263e-02 7.970073396360202178e-01 9.662469957153395628e-01 1.000958098200104951e+00 7.445211544068340848e-01
5.168060063634527523e-01 1.037171509587892837e+00 1.183642365377878480e+00 1.215307260721290028e+00 9.942694561864990899e-01
1.019689827257970416e+00 1.613656120040723785e+00 1.773738408934101063e+00 1.808008769207736899e+00 1.566248439464889897e+00
2.375434245234108593e-02 4.616324916541891810e-01 5.935463218216561199e-01 6.224703089214927987e-01 4.236220933063157279e-01
