-1.043244143612828473e-03 -2.118520737662781331e-02 -4.244102222794444990e-02 -5.206473654652105792e-02 -5.154622675371073326e-02 -4.200903303544291367e-02 -3.877978920264943397e-02
1.415772314034664629e-03 3.195888918267039691e-02 7.458009236197209180e-02 1.009568334438611936e-01 9.933918763588125977e-02 7.354019389606143708e-02 6.606121241208785799e-02
-2.380054997780375403e-04 -4.867514411402974923e-03 -9.846840260891281602e-03 -1.215217811707952102e-02 -1.202675051233623345e-02 -9.744306994120858004e-03 -8.979946018893375514e-03
-1.352368152523002534e-03 -2.745648612125105303e-02 -5.498744698784972101e-02 -6.744320320019737969e-02 -6.677232505309151078e-02 -5.442816406418131414e-02 -5.024698779552660283e-02
3.683604410150253107e-04 9.543862014037101521e-03 2.590802174161026955e-02 3.787001104346612163e-02 3.709914133605755199e-02 2.546374413241884668e-02 2.233207410524870942e-02
-9.738111031770574919e-04 -1.978503841201611005e-02 -3.966333904413555517e-02 -4.867792687792771300e-02 -4.819188716093223551e-02 -3.925896347891154325e-02 -3.623674106570610315e-02
-1.568412211965995685e-03 -3.183215241800986528e-02 -6.372119781210620892e-02 -7.813297384357134612e-02 -7.735711905229131213e-02 -6.307379385035194463e-02 -5.823317915189073907e-02
4.384599572359379601e-04 1.127016891922486864e-02 3.035734657026084582e-02 4.421291407252217476e-02 4.332173952288551760e-02 2.984149222969503107e-02 2.620225123371592094e-02
-1.178326547659539402e-03 -2.392835586491458277e-02 -4.793652809332632492e-02 -5.880642621471880716e-02 -5.822077325543317111e-02 -4.744860087311900121e-02 -4.380120560715310835e-02
1.884777858767784772e-03 4.185652806795145398e-02 9.563844080605475584e-02 1.278942721316344844e-01 1.259369287928849557e-01 9.435146089058525642e-02 8.505984217933490465e-02
5.142416456444952495e-03 1.120098377715681992e-01 2.493429090058272846e-01 3.282593589856378502e-01 3.235428149526715091e-01 2.461412213089896606e-01 2.229040899298214695e-01
-9.416641301010600677e-04 -1.912112374326256983e-02 -3.830237336069761134e-02 -4.698489548148595402e-02 -4.651714153507211652e-02 -3.791259664157930337e-02 -3.499882390572520846e-02
