8.139565111452949253e+00 1.201949593932849680e+01 1.447885413600990034e+01 1.323829133371309652e+01 1.020010213302627911e+01
8.604661469565765941e+00 1.248569901872645183e+01 1.494879885547477905e+01 1.370253052040389363e+01 1.067262396032915639e+01
7.674468753340128124e+00 1.155329285993053823e+01 1.400890941654501809e+01 1.277405214702229586e+01 9.727580305723396492e+00
8.909335920445391466e+00 1.270018961960196080e+01 1.512212316141750890e+01 1.389880565722233285e+01 1.092106836148210292e+01
9.371332642893795750e+00 1.315738642578469531e+01 1.556824382729191747e+01 1.434698764019066708e+01 1.138988239629190780e+01
8.447339197996988958e+00 1.224299281341922985e+01 1.467600249554309677e+01 1.345062367425400041e+01 1.045225432667230159e+01
9.212193200869625898e+00 1.297343771052988437e+01 1.537157708091175401e+01 1.415979066965143751e+01 1.121103102515261796e+01
9.619354977248759653e+00 1.338018564071807681e+01 1.577472226490551321e+01 1.456160649316491984e+01 1.162448134398545996e+01
8.805031424490493919e+00 1.256668978034168838e+01 1.496843189691799836e+01 1.375797484613795518e+01 1.079758070631977773e+01
8.229329829849559630e+00 1.195746420920225894e+01 1.434981334234938188e+01 1.313084552695011986e+01 1.022212684543443473e+01
8.909127252376695338e+00 1.259773723532097733e+01 1.497825472322951867e+01 1.377226134579695938e+01 1.086278372557916505e+01
7.549532407322421257e+00 1.131719118308354055e+01 1.372137196146924687e+01 1.248942970810328390e+01 9.581469965289702628e+00
