3.080202673810930492e+00 5.096408940643744501e+00 6.231615473555100593e+00 5.815523059652206506e+00 4.394368289307083231e+00
3.425224769906001665e+00 5.500530628568316871e+00 6.653098828217164140e+00 6.231918185999729687e+00 4.781950047885721311e+00
2.735667713850225891e+00 4.690804667540562356e+00 5.809556824200583947e+00 5.398100166181714066e+00 4.005418813143602819e+00
3.764539750112212424e+00 5.799233352164404387e+00 6.959933740839837846e+00 6.534280251943789253e+00 5.085474161358892076e+00
4.184318296659552239e+00 6.236338925717011428e+00 7.400717122188314789e+00 6.974122309440479839e+00 5.518235114167858946e+00
3.345641738552290523e+00 5.359447895044358923e+00 6.518110471318333765e+00 6.092580428523264757e+00 4.650240956747196286e+00
4.039775705486830404e+00 6.086091966173741596e+00 7.204207581447638731e+00 6.796772621153437832e+00 5.382726350733440412e+00
4.437354254067996884e+00 6.487848921040541228e+00 7.609731403298413355e+00 7.200899812533552158e+00 5.782548172117924601e+00
3.643327960203321503e+00 5.680893443148147703e+00 6.797348311270500432e+00 6.390259644014704143e+00 4.979729606681354781e+00
3.568255735109544968e+00 5.567847084229903487e+00 6.614446020476181687e+00 6.235333071932388727e+00 4.894440536866818015e+00
4.261977756848390086e+00 6.238752408223704471e+00 7.266788384673395385e+00 6.894726235046324980e+00 5.575067896964109870e+00
2.875702448000583722e+00 4.893384749130262001e+00 5.960723412067908455e+00 5.573474094966161196e+00 4.210531755432574741e+00
