-6.210875165109319695e-02 -3.216633929205722775e-02 8.673617379884035472e-18 5.075273467125248489e-02 -1.162925068886994269e-02
6.747817333843629528e-02 1.553633433339814685e-01 2.068244069026266008e-01 2.743601486380374266e-01 1.894491727376738377e-01
-4.399699089465301111e-02 -2.287668229762904876e-02 1.734723475976807094e-18 3.626611209111475775e-02 -8.282199895498333977e-03
-8.165675547552356250e-02 -4.233262104001461051e-02 -6.938893903907228378e-18 6.687315669432850052e-02 -1.531008364822287679e-02
1.081461494312520588e-01 2.307035907957087351e-01 3.000893075545863486e-01 3.897884129233216699e-01 2.767854257551649044e-01
-5.715808448996374108e-02 -2.979625358211493782e-02 -8.673617379884035472e-18 4.737911860053949098e-02 -1.079698711442965246e-02
-1.044940095940231489e-01 -5.385528047931815998e-02 -6.938893903907228378e-18 8.447847449212511628e-02 -1.943724051294238794e-02
1.176478210351516174e-01 2.618888853471052491e-01 3.447117159497268823e-01 4.521278415881080370e-01 3.168512738158965614e-01
-8.046824245518950647e-02 -4.156305394415132914e-02 8.673617379884035472e-18 6.536817935197025697e-02 -1.501231072993570483e-02
2.792616135464937033e-01 4.606992564185646843e-01 5.428157040755463569e-01 6.364648533865585600e-01 5.163594654047852783e-01
5.986900027943429237e-01 9.285869484491984238e-01 1.062112153960419469e+00 1.202363198779157205e+00 1.020171782134235094e+00
-4.016677570135555875e-02 -7.188435612069206046e-03 2.351925419067291134e-02 7.056650799395981777e-02 1.254714867533531994e-02
