3.280213923789457309e-01 1.070258408308481402e+00 1.921161351721154542e+00 2.450467638650108082e+00 2.209236275108552139e+00 1.883560804216416695e+00 1.439001191499233556e+00
9.173870885947855713e-01 1.743539919682924655e+00 2.629268955084782533e+00 3.181113019214699911e+00 2.931684453802415380e+00 2.589612304703734491e+00 2.125976766744889002e+00
-7.743468765673787446e-02 3.935476895112102191e-01 1.210373854335427435e+00 1.724330842663729602e+00 1.488561791982885296e+00 1.174366630670753642e+00 7.550816705079097524e-01
4.974402958064776947e-01 1.452058895648421721e+00 2.407812237545249090e+00 2.982765093480543861e+00 2.721938558937512020e+00 2.366546273533673972e+00 1.871734830342552725e+00
7.189821877333542055e-01 1.729700106064681941e+00 2.760980918442457632e+00 3.382121369804238942e+00 3.103180283564552333e+00 2.715779651218694468e+00 2.181206129735138166e+00
3.625560247461674934e-01 1.172801853700932151e+00 2.053380799186232064e+00 2.585533247739318252e+00 2.341532593969337661e+00 2.015832078390304094e+00 1.563703533905875576e+00
5.915181053926392707e-01 1.660777601520484703e+00 2.681774997948771055e+00 3.272372245005456648e+00 3.006248625997228974e+00 2.638770898444586788e+00 2.114010535094282162e+00
8.493516046657118013e-01 1.958401509636199522e+00 3.029288328481270831e+00 3.657456693482433074e+00 3.376788183111000041e+00 2.983120898848528491e+00 2.431901048328406034e+00
4.406151887445309834e-01 1.361159849062745009e+00 2.332703496423865985e+00 2.889909223214999212e+00 2.636740348837413705e+00 2.292593653396735931e+00 1.797896903726025730e+00
7.304976810008869670e-01 1.626544746954556420e+00 2.560152126024164421e+00 3.108821714417753235e+00 2.860276838679101097e+00 2.520719736866706029e+00 2.050289432318542993e+00
1.299649764803022522e+00 2.261051111517778267e+00 3.216019127536878575e+00 3.776048668219222026e+00 3.524459693744649957e+00 3.175272482680665309e+00 2.692297994180624432e+00
1.888841991244505358e-01 9.915248933193689940e-01 1.903883837530320866e+00 2.442269875482633967e+00 2.196359576556458304e+00 1.865696407599124695e+00 1.408738483621674975e+00
