3.942492698800879047e+00 5.484078766008816608e+00 6.171240100301280229e+00 6.312075813906513844e+00 5.307949391067978695e+00
4.327913209272781003e+00 5.918985852209036835e+00 6.620302130208016500e+00 6.763261515701693760e+00 5.738308970855274360e+00
3.555860685295582968e+00 5.048273306622546031e+00 5.722071902240845276e+00 5.860949901211003343e+00 4.876525696414844901e+00
4.584303267685744032e+00 6.156705283269791273e+00 6.841665259090150109e+00 6.980963186976533841e+00 5.979592660212004418e+00
5.016525922590471254e+00 6.607133453709634452e+00 7.295514837955829890e+00 7.435245766152220881e+00 6.428721119377528659e+00
4.149923648889472183e+00 5.704677646324268103e+00 6.387626658102656840e+00 6.526787056505923168e+00 5.528569647521807795e+00
4.889923852201712329e+00 6.454300415221464249e+00 7.128308705058154615e+00 7.265277992802296581e+00 6.279545573491159161e+00
5.282117084462518264e+00 6.859503309102883861e+00 7.540965411080803094e+00 7.679351630235903947e+00 6.682856201062760348e+00
4.494856225149491458e+00 6.046966053951552844e+00 6.715400105990595669e+00 6.851346210132515324e+00 5.873710242189133623e+00
4.133466773195887178e+00 5.685761577543259726e+00 6.394679874333007774e+00 6.537984784128212823e+00 5.503699356572067103e+00
4.856758754766405062e+00 6.394329652443230927e+00 7.088975821384927656e+00 7.229255037830573549e+00 6.215447810183314381e+00
3.405697172043050447e+00 4.973873186260071577e+00 5.699991538165329885e+00 5.846935506218827960e+00 4.788018018411817955e+00
