-4.143350576144720632e-02 -5.851983866739546292e-02 -2.439491442221819462e-02 8.673617379884035472e-18 -4.328942077657346385e-03 -1.637073253190738514e-02 -4.315077337591407408e-02
8.866658357663792511e-02 2.050438560541855137e-01 3.807696583665420853e-01 4.403823366531983141e-01 4.307315511232223115e-01 4.019728802271078094e-01 3.197392708305266118e-01
-6.468488490215013216e-03 -9.529112142822799766e-03 -4.238884549197341305e-03 1.734723475976807094e-18 -7.666245239333902006e-04 -2.867513244553288564e-03 -7.328640490352471282e-03
-5.726957330125925782e-02 -8.077511834997667950e-02 -3.359695280765845338e-02 6.938893903907228378e-18 -5.957786436344366526e-03 -2.253947271384022788e-02 -5.947563983865016002e-02
3.370278243051419431e-02 9.909677250331717924e-02 2.318048006222486468e-01 2.840815745140812809e-01 2.754036900514589825e-01 2.500295459848451141e-01 1.818042325276992832e-01
-4.176182872002440899e-02 -5.902458995790527130e-02 -2.463314608434990366e-02 -1.734723475976807094e-18 -4.372722325072695218e-03 -1.653299510859215435e-02 -4.355449931462348351e-02
-6.706450816243156310e-02 -9.450116059292072712e-02 -3.924556991586576615e-02 -3.469446951953614189e-18 -6.956181810022213016e-03 -2.632379580751438575e-02 -6.951371205886096305e-02
4.122867366663637151e-02 1.184419183001004794e-01 2.718908637107696480e-01 3.317614799388846625e-01 3.218392138651776091e-01 2.927904593351502438e-01 2.143743409462129101e-01
-5.100609934606851331e-02 -7.198175899203351769e-02 -2.996726197966867802e-02 1.734723475976807094e-18 -5.315634171045963488e-03 -2.010678268124333617e-02 -5.303244746828847389e-02
1.161365490684110047e-01 2.532269311080100338e-01 4.361207767309899230e-01 4.931560547306598763e-01 4.840672183351595881e-01 4.566568872941482171e-01 3.753280390907016151e-01
2.790914971969933878e-01 5.803622802948604775e-01 9.312675667411857150e-01 1.028197837397092584e+00 1.013157022932274165e+00 9.668647413101740806e-01 8.213321849106682837e-01
-3.111869548061605220e-02 -4.418068296363990288e-02 -1.857283983006405639e-02 1.734723475976807094e-18 -3.304210685599284075e-03 -1.247706931153689039e-02 -3.275371887585135783e-02
