2.122247123111472011e-01 5.043641876799120904e-01 7.047295584211309416e-01 6.400933701804902842e-01 5.175860573400157261e-01
3.761707064685558821e-01 6.683089343633659141e-01 8.773339252957116363e-01 8.090835409410623846e-01 6.818736874257262937e-01
1.466768902415381548e-01 3.671535469098988758e-01 5.321251915465501359e-01 4.776607035991975447e-01 3.776871416224281686e-01
3.330626746717082476e-01 7.460050280922896349e-01 9.972483720097549131e-01 9.189478390883426551e-01 7.633774617132611517e-01
5.870680287227749705e-01 9.866630991779454796e-01 1.241038373672107342e+00 1.160555397602970773e+00 1.003916552027046549e+00
2.363980398616573331e-01 5.480953471792981979e-01 7.534583703474022620e-01 6.878258658452899299e-01 5.618364318169010163e-01
3.673362834789944409e-01 8.291581769823033188e-01 1.113949481975234246e+00 1.024928060134946639e+00 8.487624236760312746e-01
6.510785595576997764e-01 1.080298967352049555e+00 1.361818863038512406e+00 1.272091260443674710e+00 1.099192098974413057e+00
2.699405683991474847e-01 6.286464642940375880e-01 8.660801009119559746e-01 7.901834680850587933e-01 6.445201211027035137e-01
6.203735792007313288e-01 9.193500574050398333e-01 1.117605806050486095e+00 1.054050572666510366e+00 9.325682647753762433e-01
1.168642641333215382e+00 1.480807379301249282e+00 1.698811390703371726e+00 1.628060548032237431e+00 1.495080341805382407e+00
1.618441557342042425e-01 3.822743775030419400e-01 5.364002213976001299e-01 4.860210748148771631e-01 3.922988205960057373e-01
