1.431235339850754462e+00 2.194754469469625935e+00 2.483051279685000168e+00 2.714923651957925621e+00 2.000116202376092556e+00
1.656048302044106579e+00 2.485344562170131333e+00 2.794148693025907182e+00 3.040195775752507767e+00 2.275143982250748653e+00
1.206197265861723489e+00 1.905046049665437780e+00 2.173526410344307713e+00 2.391428264162088091e+00 1.725238748275204514e+00
1.842671215929326145e+00 2.698087518005158891e+00 3.012044808932017759e+00 3.261200363763565591e+00 2.483649149041205817e+00
2.142927009592308085e+00 3.061600180593496923e+00 3.394131362192508661e+00 3.655756666104676977e+00 2.832799203060581750e+00
1.542046630192683399e+00 2.336019266513731374e+00 2.632534494562135841e+00 2.869554820280514118e+00 2.134745368006618182e+00
2.085674404629863421e+00 2.961922612749293471e+00 3.276999279471697335e+00 3.526492573849136836e+00 2.746310771018566577e+00
2.413749434063767740e+00 3.331221929980478169e+00 3.656253728219031274e+00 3.912820363584522454e+00 3.108208660738379425e+00
1.757132220333088135e+00 2.594452954331567529e+00 2.901008194043754873e+00 3.143851889266775501e+00 2.384724839257327478e+00
1.801306772908765508e+00 2.559290508273989850e+00 2.847457405954121334e+00 3.086527453586799918e+00 2.370321251326255929e+00
2.483260668925230341e+00 3.263235464745939840e+00 3.555314652136397413e+00 3.793278724066118102e+00 3.068416089717507234e+00
1.118540540754937584e+00 1.858527147652469624e+00 2.145274826064297535e+00 2.386187694569985140e+00 1.672768876993990794e+00
