1.008731864753246477e+01 1.347702874039002374e+01 1.448833617239581883e+01 1.361954592600589464e+01 1.237648658511652400e+01
1.058657921091051968e+01 1.395722042127152385e+01 1.496318603503006628e+01 1.409882607536053456e+01 1.286491677561793523e+01
9.588058084154409855e+00 1.299683705950852719e+01 1.401348630976157494e+01 1.314026577665125117e+01 1.188805639461511632e+01
1.079310827094499459e+01 1.410421646125967676e+01 1.511000511165138427e+01 1.424546016906794321e+01 1.302154395412834731e+01
1.128896793143243116e+01 1.457278349919807781e+01 1.557330874229593931e+01 1.471312212874291525e+01 1.349901117738383860e+01
1.029724861045755446e+01 1.363564942332127394e+01 1.464670148100683456e+01 1.377779820939297295e+01 1.254407673087285602e+01
1.111276515701667655e+01 1.437024944066684284e+01 1.537059228257919585e+01 1.451046653906216122e+01 1.329963725057192114e+01
1.156443635458876251e+01 1.480051077532643156e+01 1.579627904664921445e+01 1.493993282372756148e+01 1.373750540042205870e+01
1.066109395944459060e+01 1.393998810600724703e+01 1.494490551850917370e+01 1.408100025439675385e+01 1.286176910072178003e+01
1.004113338258201260e+01 1.326199452053972117e+01 1.429357625902000350e+01 1.340615413122944943e+01 1.217659176630649753e+01
1.071984031648334224e+01 1.393797390698248151e+01 1.495524518493398602e+01 1.408051882333894511e+01 1.285971159878155845e+01
9.362426448680684743e+00 1.258601513409696082e+01 1.363190733310602631e+01 1.273178943911995376e+01 1.149347193383143484e+01
