-3.164155521610413635e-02 -4.592885014366371310e-02 -5.176267732227836371e-02 -5.061020212420444531e-02 -4.608369778202547201e-02
1.194506816167983931e-02 2.286704207303432920e-02 2.973453153503056307e-02 2.819482143784297901e-02 2.302382007034642006e-02
-2.150916769213124732e-02 -3.126046975079425222e-02 -3.525533377056126044e-02 -3.446525318162130258e-02 -3.136637676021061111e-02
-4.148495135187078853e-02 -6.020563521708076349e-02 -6.784592383138765559e-02 -6.633683828450154252e-02 -6.040846894770645487e-02
2.308099845081524118e-02 4.137918110229601293e-02 5.228115660663356506e-02 4.986669574143026695e-02 4.163221401996149845e-02
-2.951705177427422708e-02 -4.287832040623652807e-02 -4.834523512876185564e-02 -4.726448445722443437e-02 -4.302331951395074044e-02
-5.321589893195319970e-02 -7.713945348612280539e-02 -8.687250294211643076e-02 -8.495213864304626550e-02 -7.739814532058388041e-02
2.164875303756107552e-02 4.042688420694957180e-02 5.200690536120871482e-02 4.942209390461104607e-02 4.069283191936404892e-02
-4.144876313639819787e-02 -6.010429667473362464e-02 -6.770154058920005435e-02 -6.620207258133917194e-02 -6.030614862099904772e-02
1.002589364457720511e-01 1.612562086869189781e-01 1.930145502250013301e-01 1.862197608783019709e-01 1.620265843633305891e-01
1.871191941575474638e-01 2.991578996846493421e-01 3.569019628755896179e-01 3.445827388588170170e-01 3.005635325532729496e-01
1.339867873399662283e-02 2.335451768918857252e-02 2.912713757441304577e-02 2.785678289778686229e-02 2.348963617338824597e-02
