-5.844576773453606655e-02 2.007828652228114269e-02 6.153435230749858542e-01 7.970430564203359047e-01 8.325499174489195964e-01 5.589376054981571862e-01 2.943599480552876457e-01
2.823352864704801179e-01 6.511552855459136202e-01 1.287731839327816541e+00 1.427076820240648303e+00 1.455471183500597121e+00 1.244154607905394450e+00 1.017076810318560121e+00
-1.636527031519741278e-03 1.097773655232180817e-03 9.741720847377928483e-02 1.670092926000237288e-01 1.856168690407640764e-01 8.160478565697923403e-02 2.907926658630603789e-02
-8.023201372378362117e-02 2.745511320091499272e-02 8.286152777573021488e-01 1.065090936353336293e+00 1.110294198026446244e+00 7.540418580635553925e-01 3.999009524406484939e-01
8.564324444776272305e-02 3.248518397672696123e-01 1.113336282993555804e+00 1.326754390203284117e+00 1.368854990210767397e+00 1.046755027401531812e+00 7.230483138219415684e-01
-5.782603511229821719e-02 1.992029956371601379e-02 6.170406673888546578e-01 8.034274825033886902e-01 8.403624842242113369e-01 5.597734734762251918e-01 2.933752012251111818e-01
-9.408224839881275392e-02 3.213973747513497459e-02 9.634404211711085075e-01 1.234128719589904888e+00 1.285330466819726514e+00 8.774519961554253511e-01 4.667996857062569060e-01
1.026876822190208871e-01 3.781115339353259830e-01 1.264776262374784022e+00 1.500828439525171643e+00 1.547071128752831815e+00 1.190712670504059378e+00 8.285069974634284851e-01
-7.113408389025793754e-02 2.442738973460956836e-02 7.474640497707748521e-01 9.674289996546383552e-01 1.010320308252718347e+00 6.790731918757939578e-01 3.578827653978010614e-01
3.591316291226216983e-01 7.755454148859780572e-01 1.360475324041377165e+00 1.484830735363245502e+00 1.512001732925991382e+00 1.323193177468952264e+00 1.127454771763361840e+00
5.606260274145459244e-01 1.167155384126774997e+00 1.861325111712323510e+00 1.984177855705187454e+00 2.011647268437112501e+00 1.824169865935114210e+00 1.614526501556116100e+00
1.576372308306974446e-01 3.839354456451811171e-01 8.596255363704303765e-01 9.854836150213027723e-01 1.012356197414870262e+00 8.222164890027898743e-01 6.403830419706072474e-01
