3.217779523164886690e+00 5.227768730657900598e+00 6.376179456294615022e+00 5.954571463316093549e+00 4.522675193215798473e+00
3.576148054658504716e+00 5.645427513257351926e+00 6.807282447228472755e+00 6.382246223957967146e+00 4.924888998639539217e+00
2.859944042172293699e+00 4.808487623791124044e+00 5.944446947034327522e+00 5.525772064731786060e+00 4.118964757810354982e+00
3.803931075657834171e+00 5.886523187619271624e+00 7.047411086906088862e+00 6.624289924955337305e+00 5.162116667893929645e+00
4.223821656440675198e+00 6.331521996502321947e+00 7.482795078043302794e+00 7.064401911806081458e+00 5.605463572332013200e+00
3.384921314579897977e+00 5.438843628639086880e+00 6.610986871352145577e+00 6.182319571479537146e+00 4.716296712260326096e+00
4.061924858765393331e+00 6.086229610963539649e+00 7.249460297329384240e+00 6.823213992838802255e+00 5.372436233150319929e+00
4.462531634005120651e+00 6.487078592279394762e+00 7.647066091278725608e+00 7.222182620745382309e+00 5.774235844676010032e+00
3.662441986988496989e+00 5.681960060942898849e+00 6.850527203573311574e+00 6.421874136548614942e+00 4.967481071417333638e+00
3.964369483299840180e+00 5.911242950293956078e+00 7.045236017763739866e+00 6.628147027711996486e+00 5.221407114431841912e+00
4.579063767470498370e+00 6.493448986322622574e+00 7.627044556179561674e+00 7.208881767688666287e+00 5.810095298201490621e+00
3.349675199129181991e+00 5.329036914265288694e+00 6.463427479347918947e+00 6.047412287735326686e+00 4.632718930662194978e+00
