-1.097114841646274971e-03 -2.227676324898166318e-02 -4.462109162563578785e-02 -5.473407960126480676e-02 -5.418929380276556879e-02 -4.416707361964630763e-02 -4.077301095604787123e-02
1.361901616001218130e-03 3.086733331031655397e-02 7.240002296428076078e-02 9.828749038911745173e-02 9.669612058682645894e-02 7.138215331185804313e-02 6.406799065868942766e-02
-2.918761978114843645e-04 -5.959070283756828269e-03 -1.202690965858262129e-02 -1.482152117182327679e-02 -1.466981756139106377e-02 -1.190234757832426236e-02 -1.097316777229181799e-02
-1.434275941874296051e-03 -2.911210529996770616e-02 -5.828279933591395956e-02 -7.146955525858054992e-02 -7.075956519600415384e-02 -5.769049087048463975e-02 -5.326196785484384882e-02
3.601793964258130426e-04 9.462779567436041886e-03 2.602154513046864293e-02 3.825380918134883845e-02 3.746336392653483449e-02 2.556882386644128771e-02 2.238161130173268662e-02
-1.050644706329395897e-03 -2.133834814796870330e-02 -4.275577078105299855e-02 -5.245689212612943825e-02 -5.193411023562825163e-02 -4.232038591197254118e-02 -3.906593361429949035e-02
-1.593765864581403241e-03 -3.234416346359102190e-02 -6.473899883316715231e-02 -7.937555218667755041e-02 -7.858768792967052441e-02 -6.408142638856113849e-02 -5.916462479055870777e-02
4.495569776299775588e-04 1.151963942674448169e-02 3.093574666552473956e-02 4.499241900838110014e-02 4.408896905258803678e-02 3.041192351469216779e-02 2.671528379263193170e-02
-1.217060020574546250e-03 -2.471091173675948535e-02 -4.949309067323424960e-02 -6.070748275045498993e-02 -6.010341140708607560e-02 -4.898958907555883702e-02 -4.522552517152537283e-02
3.238699425494091181e-03 7.093054492284221746e-02 1.590863766948215074e-01 2.103991883378025229e-01 2.073180414749216660e-01 1.570151120756628771e-01 1.420061136377333555e-01
5.504050866908790328e-03 1.199137245017899700e-01 2.670185533335582284e-01 3.515933936881547317e-01 3.465377422267886809e-01 2.635879857680925586e-01 2.386912591253978477e-01
9.733479840793900825e-04 2.194736534389444410e-02 5.115420005608470322e-02 6.920498298745024479e-02 6.809834072305448460e-02 5.044223838323322329e-02 4.532096815006874529e-02
