8.324576809515090048e+00 1.216767161148170295e+01 1.464794963498817282e+01 1.338939191015464658e+01 1.036534474494237301e+01
8.782488552891983602e+00 1.262773074539149043e+01 1.512240747836135135e+01 1.385795217753155484e+01 1.081798028942242595e+01
7.866665066138197382e+00 1.170761247757191370e+01 1.417349179161499251e+01 1.292083164277773122e+01 9.912709200462320069e+00
8.936215057853940991e+00 1.274296933292669465e+01 1.517678461836977100e+01 1.394269910963667058e+01 1.096405405752232198e+01
9.399107919193138372e+00 1.319710471720175704e+01 1.563260244104708363e+01 1.439920809290640058e+01 1.141725713692788524e+01
8.473322196514741833e+00 1.228883394865162870e+01 1.472096679569245836e+01 1.348619012636694059e+01 1.051085097811675872e+01
9.210078210448143565e+00 1.298529685711322479e+01 1.539418192267368468e+01 1.417561998797180856e+01 1.121731686653598103e+01
9.627129730479921932e+00 1.338898735433440201e+01 1.580738730611520104e+01 1.458491430983459836e+01 1.161977322880827224e+01
8.793026690416368751e+00 1.258160635989204401e+01 1.498097653923216477e+01 1.376632566610902053e+01 1.081486050426368983e+01
8.855975215398263600e+00 1.261461065471381460e+01 1.502065097537794358e+01 1.379808348290512932e+01 1.086169183111975300e+01
9.486979156397385538e+00 1.319802816146684066e+01 1.559091230056634991e+01 1.437468562227681623e+01 1.146197456868254250e+01
8.224971274399143439e+00 1.203119314796078676e+01 1.445038965018953370e+01 1.322148134353344773e+01 1.026140909355696351e+01
