-3.433189524152380906e-02 -6.356627786219111453e-02 -3.293778595535330755e-02 -1.040834085586084257e-17 5.200125116979256723e-02 -1.191026071275120765e-02 -5.421199450528012276e-02
-5.505886893684982554e-03 3.998951265301986524e-02 1.570131623980518809e-01 2.334088015405173799e-01 3.377599651563170102e-01 2.072287534181742052e-01 9.426483068206933935e-02
2.525040176143658784e-04 -4.387753108018134030e-04 -7.710119915968751889e-04 0.000000000000000000e+00 2.242891424545145895e-03 -3.477553441594396014e-04 -8.350301170041546893e-04
-4.497155946175526720e-02 -8.327040856774167721e-02 -4.315049712048256436e-02 0.000000000000000000e+00 6.812994476688967460e-02 -1.560351023364760399e-02 -7.101882052589340855e-02
2.488044623992734933e-02 1.109769117276210720e-01 2.357742705613938006e-01 3.062615393180457835e-01 3.972701575497741278e-01 2.825975098354946979e-01 1.731068029297785638e-01
-3.162117984496325834e-02 -5.880840181008655659e-02 -3.062903356474412642e-02 -5.204170427930421283e-18 4.865171256270625633e-02 -1.109528361369580170e-02 -5.028702684650228349e-02
-5.744715306864475735e-02 -1.058569935537726631e-01 -5.454677648511085941e-02 3.469446951953614189e-18 8.554235487366465551e-02 -1.968541315994474378e-02 -9.002114122532062224e-02
2.312552801937319338e-02 1.166744812171643386e-01 2.622078612289807653e-01 3.460781225922099358e-01 4.550046926863618446e-01 3.178506159040198620e-01 1.884248114028826693e-01
-4.400043697630411782e-02 -8.124508405107695730e-02 -4.196471469758902839e-02 8.673617379884035472e-18 6.600066695873824107e-02 -1.515744026422541531e-02 -6.917597855113469252e-02
1.545938322351252114e-01 4.589482387277381004e-01 7.123238426943491186e-01 8.152781020772971177e-01 9.239366458794788795e-01 7.828997285802496986e-01 6.002360792958917335e-01
2.315456663910805957e-01 6.813764010562692874e-01 1.046654584085457751e+00 1.191403860074876420e+00 1.340884192135342490e+00 1.146170345206542374e+00 8.864099635304169000e-01
7.764199807916984108e-02 2.365200763992069688e-01 3.779931013032403198e-01 4.391523440797179267e-01 5.069890996236151581e-01 4.196291119539571901e-01 3.140621950613664559e-01
