1.138532914188485679e+00 2.022289620898773510e+00 2.560807529392179482e+00 2.316751844172496799e+00 1.983615011622931412e+00
1.351386193494278576e+00 2.304443400382161666e+00 2.884653689193409143e+00 2.622959136761673360e+00 2.262508726195842534e+00
9.246017397164884022e-01 1.739293476269103911e+00 2.238378542985282049e+00 2.011102073378749910e+00 1.703733467595318629e+00
1.458570279064850261e+00 2.474425553936821842e+00 3.039123749946892161e+00 2.783085271256505511e+00 2.433395609663820292e+00
1.741157911504884304e+00 2.826110872201991420e+00 3.416000678875426910e+00 3.149142689910517934e+00 2.783032855449386833e+00
1.174326882045530152e+00 2.121446270900523068e+00 2.664423753973075293e+00 2.417884266908814084e+00 2.082240950058474649e+00
1.673199431495834499e+00 2.708867587450412451e+00 3.302058407751010005e+00 3.034570002549811463e+00 2.665653327943795059e+00
1.975259943253434347e+00 3.059466566545628208e+00 3.676046002334335761e+00 3.399053302503119323e+00 3.014325326966426744e+00
1.369094291583059952e+00 2.356670750280470461e+00 2.930759008377817221e+00 2.671144249560065909e+00 2.315107543808360813e+00
1.866549332744467771e+00 2.837808342464573030e+00 3.381036195384650167e+00 3.134200187870354259e+00 2.798576951147562220e+00
2.439972282221882338e+00 3.433015674846787935e+00 3.969989751004183276e+00 3.726322483441322220e+00 3.394027933006324549e+00
1.293126383267052759e+00 2.242601010082357682e+00 2.792082639765117502e+00 2.542077892299386299e+00 2.203125969288800778e+00
