-8.691144199007728305e-03 -3.131738047615313658e-02 -4.546391936021197677e-02 -5.124216597636985226e-02 -5.010054246242034298e-02 -4.561727320950981907e-02 -4.147901896572814273e-02
2.168420837583382235e-02 8.803149127871208457e-02 1.429498174842679381e-01 1.719781146713404707e-01 1.657416282963116161e-01 1.436503688963561565e-01 1.257298134757307562e-01
-9.503396769791579764e-04 -3.539476433926407560e-03 -5.283921562909955211e-03 -6.045482734941463182e-03 -5.891698093992678992e-03 -5.303654077624887948e-03 -4.778446027314437600e-03
-1.171888603502787944e-02 -4.221074856112580487e-02 -6.125685763988207577e-02 -6.902925058008330117e-02 -6.749412021812108142e-02 -6.146320539291598439e-02 -5.589385486757252053e-02
5.182149689624959178e-03 2.396964228531503482e-02 4.290873091018780616e-02 5.417616436547283143e-02 5.168163681235028728e-02 4.317036675463759715e-02 3.663684198962663396e-02
-8.204694410028440243e-03 -2.958921377048316301e-02 -4.298636084279418984e-02 -4.846903541834449852e-02 -4.738509618222485481e-02 -4.313176741426606731e-02 -3.920953146491606978e-02
-1.464552686308048628e-02 -5.269631396941404367e-02 -7.640273168042648055e-02 -8.605300571176881241e-02 -8.414859490084843074e-02 -7.665916885055842900e-02 -6.973434955663011803e-02
4.502421184387098846e-03 2.215794511829951435e-02 4.124032212547047715e-02 5.297799350699234494e-02 5.035946815056504405e-02 4.151009741795652630e-02 3.481831465122993408e-02
-1.113593085480289908e-02 -4.009339850696593682e-02 -5.816187147184385259e-02 -6.552780493976773091e-02 -6.407346329781707372e-02 -5.835750160791364216e-02 -5.307630713334764855e-02
3.156783027440680095e-02 1.266208743936834968e-01 2.035285606059489827e-01 2.435237272864552160e-01 2.349696013554965213e-01 2.044991460633094060e-01 1.795877974250708609e-01
5.044720583857240787e-02 2.012162017186324703e-01 3.218743766703817677e-01 3.841166680612026485e-01 3.708345052385241258e-01 3.233890472874114130e-01 2.844483487451130443e-01
1.268845471024120271e-02 5.202554706873458584e-02 8.518274454151626707e-02 1.029307865117078530e-01 9.910469747246897221e-02 8.560924483920741290e-02 7.472724610502874676e-02
