-4.086478699462670755e-02 -5.777614705245640719e-02 -2.412526845925141300e-02 0.000000000000000000e+00 -4.283277547282899819e-03 -1.619325253801000286e-02 -4.264816906795328155e-02
8.923530234345843082e-02 2.057875476691246319e-01 3.810393043295088877e-01 4.403823366531983696e-01 4.307772156535967789e-01 4.021503602210052541e-01 3.202418751384875084e-01
-5.899769723394514449e-03 -8.785420527883733635e-03 -3.969238586230531066e-03 -4.336808689942017736e-18 -7.209599935589089403e-04 -2.690033250655877659e-03 -6.826036182391673549e-03
-5.813181919302386202e-02 -8.199721226050400713e-02 -3.410930023099274094e-02 -1.734723475976807094e-18 -6.048860689954490763e-03 -2.288354371453400760e-02 -6.038006111117265318e-02
3.384515176696625827e-02 1.002906927846932972e-01 2.359241764482157278e-01 2.894654177849897425e-01 2.805751182112401487e-01 2.545853362224776983e-01 1.847582736909147982e-01
-4.161070548978363509e-02 -5.884160016979100849e-02 -2.457750897119700961e-02 -6.938893903907228378e-18 -4.363966601327432665e-03 -1.649743390006528504e-02 -4.344297346327320036e-02
-6.635049791918663786e-02 -9.352199133703603673e-02 -3.885724016938595787e-02 1.387778780781445676e-17 -6.888346000342267933e-03 -2.606490587937445452e-02 -6.881420865805197573e-02
4.148149324715218189e-02 1.191055419074164151e-01 2.732663308551863679e-01 3.333883731602502731e-01 3.234253468862664516e-01 2.942552014998628396e-01 2.154953211073341313e-01
-4.922110263159877597e-02 -6.953238227008390338e-02 -2.899481858905113632e-02 -5.204170427930421283e-18 -5.145702523007954915e-03 -1.945838426502976420e-02 -5.128146861286741326e-02
1.668230152506560982e-01 3.559066510236963965e-01 5.937028129072481342e-01 6.642443350412327030e-01 6.531222459217537191e-01 6.193060255875322273e-01 5.165855145601609966e-01
2.992767839640814720e-01 6.232714655833810902e-01 1.002237069445778506e+00 1.107295900121368915e+00 1.090981633613183233e+00 1.040798185553931443e+00 8.832946507294415772e-01
3.436924653723066880e-02 8.854183646401149466e-02 1.851685563687175406e-01 2.211927699610964360e-01 2.152628582303241500e-01 1.978138656211327062e-01 1.498763783908801661e-01
