7.119021423692626804e+00 1.025903858730753981e+01 1.358470301883275333e+01 1.462417106221982976e+01 1.373033604894601645e+01 1.247819072830307796e+01 1.006590300271137650e+01
7.837007778967045368e+00 1.096256521663896244e+01 1.424112250030998084e+01 1.529091584257024117e+01 1.438781541574067369e+01 1.313592201107534230e+01 1.077214881320122686e+01
6.401035068418204688e+00 9.555511957976120740e+00 1.292828353735552405e+01 1.395742628186941658e+01 1.307285668215135743e+01 1.182045944553080830e+01 9.359657192221529698e+00
7.740253938899503972e+00 1.086307178006695295e+01 1.412002745084895672e+01 1.515315415418988110e+01 1.426447925766567693e+01 1.302816552785394855e+01 1.067393466694618454e+01
8.205311854519402814e+00 1.133159406097212063e+01 1.458622610348259663e+01 1.561279412589124505e+01 1.472977275865365243e+01 1.349933413986020092e+01 1.114212771230358179e+01
7.275196023279603352e+00 1.039454949916178705e+01 1.365382879821531681e+01 1.469351418248852070e+01 1.379918575667769964e+01 1.255699691584769440e+01 1.020574162158878728e+01
8.051425456567157468e+00 1.114137708178588859e+01 1.438008511889262842e+01 1.540370920751285411e+01 1.452324260499618624e+01 1.329660852100278845e+01 1.095337735025489323e+01
8.465724634324590880e+00 1.156790768034651684e+01 1.480648197526960530e+01 1.582707790482007404e+01 1.494917359791314304e+01 1.372576624293709635e+01 1.137933311314334262e+01
7.637126278809724944e+00 1.071484648322526212e+01 1.395368826251564975e+01 1.498034051020562885e+01 1.409731161207922767e+01 1.286745079906847877e+01 1.052742158736643852e+01
7.598702651228796512e+00 1.068032814746497117e+01 1.396330604980592049e+01 1.493638592985846358e+01 1.410021988659032743e+01 1.290505083284147680e+01 1.048630636918013970e+01
8.267822965768301557e+00 1.131406973435702135e+01 1.458572058987725129e+01 1.556720677450025647e+01 1.472385342246909090e+01 1.352157255070158826e+01 1.112264985951073903e+01
6.929582336689290578e+00 1.004658656057292099e+01 1.334089150973458970e+01 1.430556508521666892e+01 1.347658635071156219e+01 1.228852911498136002e+01 9.849962878849536807e+00
