4.035642321303894775e+00 5.600774943949283546e+00 6.297933690241499072e+00 6.440414850251579892e+00 5.421799266207180779e+00
4.418292649724328669e+00 6.021540635415753684e+00 6.730299642893077916e+00 6.874810279347837394e+00 5.839080703162822239e+00
3.651672736126737817e+00 5.179030976025314814e+00 5.865452126608971639e+00 6.006084528027979985e+00 5.003359069687602911e+00
4.617578071201548617e+00 6.212807366621635907e+00 6.907964960549191069e+00 7.048893021563275241e+00 6.032789181357486541e+00
5.049075252222790411e+00 6.660446881540028841e+00 7.354195965216996811e+00 7.494606401745429025e+00 6.480182141164799958e+00
4.183815745002204878e+00 5.763488164872564212e+00 6.461535453463495671e+00 6.603291428959930265e+00 5.583406647780355669e+00
4.891599355401886839e+00 6.472111715898205553e+00 7.157766467769159036e+00 7.296807692515826282e+00 6.294410051965651398e+00
5.311316493042492759e+00 6.895302480899695219e+00 7.570399725987837058e+00 7.707145767582304963e+00 6.719573494864085283e+00
4.468966261122072403e+00 6.046758663899369779e+00 6.744877674298725978e+00 6.886613523339246257e+00 5.866685399790487310e+00
4.695747112862147077e+00 6.215753255212602468e+00 6.862783055907312857e+00 6.994000171093041729e+00 6.047385017052723022e+00
5.338629232830530036e+00 6.842110604877509772e+00 7.482189103619357518e+00 7.612200528760512341e+00 6.675685843490856364e+00
4.052864992893765894e+00 5.589395905547696941e+00 6.243377008195269084e+00 6.375799813425571116e+00 5.419084190614592345e+00
