7.656084455466697358e-01 1.495625954237802535e+00 2.259280228306916882e+00 2.547108869126679220e+00 2.780795926966248555e+00 2.066626649774889746e+00 1.868822672387676631e+00
1.441745288555731364e+00 2.244816748828877273e+00 2.931782457263695907e+00 3.198325335962177274e+00 3.428689707490974126e+00 2.763942159855828695e+00 2.598119829087520483e+00
1.020180451749655992e-01 7.461123727980716325e-01 1.588042226375161237e+00 1.898147266460662896e+00 2.135449800651296304e+00 1.369526691183112987e+00 1.138483904141200043e+00
1.052798583972972546e+00 1.892473906243433479e+00 2.717772279623368537e+00 3.021925302326031293e+00 3.269090743977137059e+00 2.514404527609983120e+00 2.305159186611272393e+00
1.288940316664695107e+00 2.211544418479855167e+00 3.074685361920313831e+00 3.388454218006019314e+00 3.644263085206675967e+00 2.865538189561494864e+00 2.650345600396139201e+00
8.046933952464287998e-01 1.573020233949385505e+00 2.362359882071721984e+00 2.658072994719502535e+00 2.896942563545641836e+00 2.163526733335091823e+00 1.958736340977045520e+00
1.249246146917731393e+00 2.118172954764870219e+00 2.976674750413087711e+00 3.285456782266900966e+00 3.533197731740289171e+00 2.767812356525400030e+00 2.550940351581304277e+00
1.502097410025405866e+00 2.449027800937694455e+00 3.330184474308031106e+00 3.644895727507275307e+00 3.899171326403415350e+00 3.118677216941972752e+00 2.899616248406245322e+00
9.815165789154779441e-01 1.786841593098179137e+00 2.625031347180521557e+00 2.929346590096236103e+00 3.170985122721495131e+00 2.417265704935304349e+00 2.200726771165385287e+00
1.256124661383507979e+00 2.130402039625003408e+00 2.884814013675264910e+00 3.168205110689257253e+00 3.401391596572511666e+00 2.697500705070386751e+00 2.506426342008096775e+00
1.827132362387547948e+00 2.739381966355106002e+00 3.535113263916906945e+00 3.825486320141953556e+00 4.060474034294400347e+00 3.340219682667803003e+00 3.139038163318720098e+00
6.851169603794677876e-01 1.521422112894899481e+00 2.234514763433622875e+00 2.510923901236561395e+00 2.742309158850622985e+00 2.054781727472970054e+00 1.873814520697472563e+00
