-2.934651260524101524e-02 1.463121739539894051e-01 4.761694351788495205e-01 7.401453442254630755e-01 6.563821043272708433e-01 4.934870183039481439e-01 3.948777139053430973e-01
6.799542264789243395e-01 9.974304877359210231e-01 1.195608827089314152e+00 1.325190625979354220e+00 1.277938858362627439e+00 1.203238449318471792e+00 1.158541923135615992e+00
-2.802786426374236951e-03 1.748845700963212388e-02 7.640444178937960684e-02 1.551000624715721532e-01 1.252004308508789243e-01 8.042782227159001041e-02 5.897261609876910948e-02
-4.142662570449057863e-02 2.049520381748715647e-01 6.582080038772463171e-01 1.006686247723297845e+00 8.983355068890382933e-01 6.815838215616162321e-01 5.478208038789810219e-01
2.096385675150960193e-01 5.189917133338444177e-01 9.463635669176555520e-01 1.260623424619830457e+00 1.161432870962414654e+00 9.672971907742200504e-01 8.468483808997199214e-01
-2.982954678486340883e-02 1.487379619234317774e-01 4.841613426823467847e-01 7.527490708267652320e-01 6.674978459526512697e-01 5.017757900192773013e-01 4.014833474459365004e-01
-4.647675927719860378e-02 2.297556937654429698e-01 7.368533821355172098e-01 1.125056786005384835e+00 1.004626072949573068e+00 7.629567339768599243e-01 6.135076024671082262e-01
2.507158464795274377e-01 5.910488651822159989e-01 1.049230828134782634e+00 1.382953008850487997e+00 1.277724268523924955e+00 1.071507553441895411e+00 9.431768067561829838e-01
-3.451145083517080658e-02 1.719275907656935276e-01 5.587840337505548538e-01 8.671605631602818942e-01 7.694980908104291917e-01 5.790582790482146081e-01 4.635572394687553777e-01
5.432005998395119661e-01 8.696490491409611945e-01 1.147789425416751996e+00 1.331291944404364047e+00 1.270467745881370902e+00 1.159673478902979449e+00 1.090271339693291042e+00
8.782492044642952189e-01 1.342648297215200737e+00 1.670821161086409212e+00 1.858401590685538007e+00 1.796684652517781977e+00 1.683332813184889254e+00 1.608740760803718306e+00
2.081519952147287134e-01 3.966498010667218743e-01 6.247576897470952240e-01 8.041822981231903089e-01 7.442508392449598276e-01 6.360141446210698657e-01 5.718019185828639994e-01
